 	Area	Mean	StdDev	Mode	Min	Max	X	Y	XM	YM	Perim.	BX	BY	Width	Height	Major	Minor	Angle	Circ.	Feret	IntDen	Median	Skew	Kurt	%Area	RawIntDen	Slice	FeretX	FeretY	FeretAngle	MinFeret	AR	Round	Solidity
1	34	255	0	255	255	255	59.853	50.529	59.853	50.529	26.971	57	45	6	9	8.440	5.129	91.192	0.587	9.849	8670	255	NaN	NaN	100	8670	1	58	45	113.962	6	1.646	0.608	0.739
2	37	255	0	255	255	255	114.986	51.203	114.986	51.203	24.728	112	46	6	9	9.124	5.163	92.061	0.760	9.849	9435	255	NaN	NaN	100	9435	1	112	55	66.038	6	1.767	0.566	0.841
3	1	255	0	255	255	255	120.500	46.500	120.500	46.500	2.828	120	46	1	1	1.128	1.128	0	1	1.414	255	255	NaN	NaN	100	255	1	120	46	135	1	1	1.000	1
4	37	255	0	255	255	255	52.770	51.554	52.770	51.554	22.971	49	48	7	8	7.363	6.398	54.411	0.881	8.544	9435	255	NaN	NaN	100	9435	1	52	56	69.444	7	1.151	0.869	0.851
5	29	255	0	255	255	255	122.121	51.672	122.121	51.672	19.314	119	49	7	5	6.884	5.363	175.260	0.977	7.616	7395	255	NaN	NaN	100	7395	1	119	50	156.801	5	1.284	0.779	0.921
6	57	255	0	255	255	255	53.693	65.956	53.693	65.956	38.042	48	58	10	13	9.934	7.306	72.172	0.495	13.153	14535	255	NaN	NaN	100	14535	1	54	58	98.746	9.405	1.360	0.735	0.671
7	5	255	0	255	255	255	114.900	59.700	114.900	59.700	7.657	114	58	2	3	3.144	2.025	108.435	1	3.606	1275	255	NaN	NaN	100	1275	1	114	58	123.690	2	1.553	0.644	0.909
8	6	255	0	255	255	255	60.167	60.833	60.167	60.833	9.071	59	59	3	3	3.489	2.190	135.000	0.916	4.243	1530	255	NaN	NaN	100	1530	1	59	59	135	2.828	1.593	0.628	0.857
9	36	255	0	255	255	255	115.389	65.944	115.389	65.944	22.142	112	62	6	8	7.707	5.948	88.779	0.923	8.544	9180	255	NaN	NaN	100	9180	1	114	62	110.556	6	1.296	0.772	0.878
10	25	255	0	255	255	255	60.740	66.460	60.740	66.460	18.728	58	63	5	7	6.845	4.650	93.016	0.896	7.280	6375	255	NaN	NaN	100	6375	1	59	63	105.945	5	1.472	0.679	0.833
11	30	255	0	255	255	255	122.533	66.667	122.533	66.667	20.142	119	64	7	6	6.769	5.643	174.031	0.929	7.280	7650	255	NaN	NaN	100	7650	1	119	66	164.055	6	1.200	0.834	0.857
12	40	255	0	255	255	255	115.825	79.425	115.825	79.425	28.385	113	73	6	11	9.577	5.318	92.848	0.624	11.180	10200	255	NaN	NaN	100	10200	1	114	73	100.305	6	1.801	0.555	0.762
13	39	255	0	255	255	255	53.038	81.141	53.038	81.141	25.556	49	76	7	9	7.877	6.304	64.515	0.750	9.434	9945	255	NaN	NaN	100	9945	1	50	84	57.995	7	1.249	0.800	0.780
14	41	255	0	255	255	255	60.476	80.988	60.476	80.988	25.556	57	76	7	9	9.337	5.591	119.284	0.789	10.817	10455	255	NaN	NaN	100	10455	1	58	76	123.690	6.659	1.670	0.599	0.845
15	29	255	0	255	255	255	122.810	81.190	122.810	81.190	18.728	120	78	6	6	6.563	5.626	134.999	1	7.211	7395	255	NaN	NaN	100	7395	1	121	78	123.690	6	1.167	0.857	0.892
16	5	255	0	255	255	255	114.100	89.300	114.100	89.300	7.657	113	88	2	3	3.144	2.025	108.435	1	3.606	1275	255	NaN	NaN	100	1275	1	113	88	123.690	2	1.553	0.644	0.909
17	63	255	0	255	255	255	83.040	95.310	83.040	95.310	38.870	77	89	11	11	10.207	7.859	152.971	0.524	12.530	16065	255	NaN	NaN	100	16065	1	77	93	151.390	9.596	1.299	0.770	0.712
18	35	255	0	255	255	255	96.986	94.986	96.986	94.986	25.556	94	89	6	10	8.316	5.359	86.999	0.673	10.198	8925	255	NaN	NaN	100	8925	1	97	89	101.310	6	1.552	0.644	0.769
19	31	255	0	255	255	255	53.242	94.984	53.242	94.984	22.971	50	90	6	9	7.775	5.077	75.573	0.738	9.220	7905	255	NaN	NaN	100	7905	1	52	99	77.471	6	1.531	0.653	0.795
20	109	255	0	255	255	255	65.931	95.014	65.931	95.014	54.527	57	90	20	9	20.157	6.885	179.703	0.461	20.396	27795	255	NaN	NaN	100	27795	1	57	93	168.690	9	2.928	0.342	0.744
21	35	255	0	255	255	255	90.843	95.271	90.843	95.271	26.142	89	90	4	11	10.723	4.156	88.941	0.644	11.180	8925	255	NaN	NaN	100	8925	1	90	101	79.695	4	2.580	0.388	0.864
22	32	255	0	255	255	255	103.250	95.031	103.250	95.031	21.314	101	91	5	8	8.425	4.836	103.930	0.885	8.944	8160	255	NaN	NaN	100	8160	1	101	91	116.565	5	1.742	0.574	0.901
23	29	255	0	255	255	255	109.293	95.293	109.293	95.293	21.314	107	91	5	8	7.675	4.811	86.640	0.802	8.544	7395	255	NaN	NaN	100	7395	1	107	99	69.444	5	1.595	0.627	0.853
24	28	255	0	255	255	255	115.536	95.607	115.536	95.607	18.728	113	92	5	7	6.605	5.397	96.340	1	7.280	7140	255	NaN	NaN	100	7140	1	115	92	105.945	5	1.224	0.817	0.889
25	35	255	0	255	255	255	121.586	95.671	121.586	95.671	21.556	119	92	6	8	7.700	5.788	76.319	0.947	8.544	8925	255	NaN	NaN	100	8925	1	120	100	69.444	6	1.330	0.752	0.886
26	7	255	0	255	255	255	72.500	104.214	72.500	104.214	9.071	71	103	3	3	3.086	2.888	0	1	3.606	1785	255	NaN	NaN	100	1785	1	71	103	123.690	3	1.069	0.936	0.875
27	3	255	0	255	255	255	101.833	104.167	101.833	104.167	5.657	101	103	2	2	2.365	1.615	135.000	1	2.828	765	255	NaN	NaN	100	765	1	101	103	135	2	1.464	0.683	0.857
28	1	255	0	255	255	255	54.500	104.500	54.500	104.500	2.828	54	104	1	1	1.128	1.128	0	1	1.414	255	255	NaN	NaN	100	255	1	54	104	135	1	1	1.000	1
29	60	255	0	255	255	255	82.417	109.250	82.417	109.250	35.213	76	104	11	10	10.412	7.337	164.190	0.608	12.530	15300	255	NaN	NaN	100	15300	1	76	107	151.390	10	1.419	0.705	0.732
30	38	255	0	255	255	255	97.158	111.026	97.158	111.026	30.385	94	104	6	12	10.506	4.605	92.969	0.517	12.166	9690	255	NaN	NaN	100	9690	1	97	104	99.462	5.580	2.281	0.438	0.738
31	38	255	0	255	255	255	90.447	110.684	90.447	110.684	26.142	88	105	5	11	10.411	4.647	83.768	0.699	11.402	9690	255	NaN	NaN	100	9690	1	89	116	74.745	5	2.240	0.446	0.844
32	47	255	0	255	255	255	52.798	111.053	52.798	111.053	27.556	49	106	7	10	10.321	5.798	92.323	0.778	10.770	11985	255	NaN	NaN	100	11985	1	51	106	111.801	6.908	1.780	0.562	0.839
33	39	255	0	255	255	255	59.500	111.372	59.500	111.372	28.971	57	106	5	12	11.149	4.454	84.818	0.584	12.369	9945	255	NaN	NaN	100	9945	1	58	118	75.964	5	2.503	0.399	0.796
34	30	255	0	255	255	255	65.900	110.133	65.900	110.133	20.971	63	106	6	8	6.935	5.508	123.616	0.857	8.246	7650	255	NaN	NaN	100	7650	1	65	106	104.036	6	1.259	0.794	0.822
35	28	255	0	255	255	255	109.250	110.786	109.250	110.786	22.142	107	106	5	9	8.396	4.246	113.221	0.718	9.487	7140	255	NaN	NaN	100	7140	1	108	106	108.435	5	1.977	0.506	0.824
36	34	255	0	255	255	255	114.941	109.882	114.941	109.882	22.142	112	106	6	8	8.538	5.070	109.587	0.871	8.944	8670	255	NaN	NaN	100	8670	1	113	106	116.565	5.580	1.684	0.594	0.850
37	44	255	0	255	255	255	73.591	111.295	73.591	111.295	24.385	70	107	8	8	9.350	5.992	138.567	0.930	10	11220	255	NaN	NaN	100	11220	1	71	107	126.870	7.071	1.561	0.641	0.863
38	34	255	0	255	255	255	102.912	110.706	102.912	110.706	22.142	100	107	6	8	7.691	5.629	103.519	0.871	8.544	8670	255	NaN	NaN	100	8670	1	101	115	69.444	6	1.366	0.732	0.850
39	29	255	0	255	255	255	121.362	111.190	121.362	111.190	20.142	118	108	6	7	6.862	5.381	92.889	0.898	7.616	7395	255	NaN	NaN	100	7395	1	120	115	66.801	6	1.275	0.784	0.853
40	38	255	0	255	255	255	114.789	125.079	114.789	125.079	26.728	112	119	5	11	10.420	4.643	84.440	0.668	11.180	9690	255	NaN	NaN	100	9690	1	114	119	100.305	5	2.244	0.446	0.835
41	53	255	0	255	255	255	51.708	125.575	51.708	125.575	29.799	47	121	9	10	11.197	6.027	53.631	0.750	12.207	13515	255	NaN	NaN	100	13515	1	48	131	55.008	7.778	1.858	0.538	0.815
42	27	255	0	255	255	255	59.426	124.685	59.426	124.685	18.728	57	121	5	7	6.684	5.143	110.286	0.967	7.616	6885	255	NaN	NaN	100	6885	1	58	121	113.199	5	1.300	0.769	0.885
43	41	255	0	255	255	255	122.646	125.232	122.646	125.232	23.556	120	121	6	9	8.620	6.056	85.186	0.928	9.487	10455	255	NaN	NaN	100	10455	1	121	130	71.565	6	1.423	0.703	0.901
44	1	255	0	255	255	255	112.500	134.500	112.500	134.500	2.828	112	134	1	1	1.128	1.128	0	1	1.414	255	255	NaN	NaN	100	255	1	112	134	135	1	1	1.000	1
45	42	255	0	255	255	255	53.048	140.571	53.048	140.571	25.799	49	136	7	10	9.062	5.901	99.601	0.793	10.440	10710	255	NaN	NaN	100	10710	1	52	136	106.699	7	1.536	0.651	0.824
46	36	255	0	255	255	255	60.333	140.083	60.333	140.083	27.213	57	136	8	9	7.548	6.073	40.735	0.611	9.434	9180	255	NaN	NaN	100	9180	1	59	145	57.995	7.071	1.243	0.805	0.713
47	33	255	0	255	255	255	114.348	140.197	114.348	140.197	22.385	110	137	8	7	7.215	5.823	137.284	0.828	8.246	8415	255	NaN	NaN	100	8415	1	110	139	165.964	6.364	1.239	0.807	0.815
48	30	255	0	255	255	255	121.867	140.567	121.867	140.567	19.556	119	137	6	7	6.875	5.556	77.508	0.986	7.616	7650	255	NaN	NaN	100	7650	1	120	144	66.801	6	1.238	0.808	0.870
49	1	255	0	255	255	255	116.500	145.500	116.500	145.500	2.828	116	145	1	1	1.128	1.128	0	1	1.414	255	255	NaN	NaN	100	255	1	116	145	135	1	1	1.000	1
50	41	255	0	255	255	255	51.549	154.866	51.549	154.866	23.314	48	151	7	7	7.848	6.652	39.772	0.948	9.220	10455	255	NaN	NaN	100	10455	1	48	158	49.399	7	1.180	0.848	0.921
51	39	255	0	255	255	255	59.372	154.628	59.372	154.628	21.556	56	151	7	7	7.379	6.729	45.002	1	8.062	9945	255	NaN	NaN	100	9945	1	56	157	29.745	7	1.097	0.912	0.918
52	34	255	0	255	255	255	115.647	155	115.647	155	22.142	112	151	7	7	7.123	6.078	140.267	0.871	8.062	8670	255	NaN	NaN	100	8670	1	114	151	119.745	7	1.172	0.853	0.840
53	31	255	0	255	255	255	122.371	155.081	122.371	155.081	21.556	120	151	5	8	7.629	5.174	82.189	0.838	8.544	7905	255	NaN	NaN	100	7905	1	121	159	69.444	5	1.475	0.678	0.873
54	1	255	0	255	255	255	110.500	157.500	110.500	157.500	2.828	110	157	1	1	1.128	1.128	0	1	1.414	255	255	NaN	NaN	100	255	1	110	157	135	1	1	1.000	1
55	138	255	0	255	255	255	194.493	178.775	194.493	178.775	79.740	185	167	17	25	24.677	7.120	119.994	0.273	28.302	35190	255	NaN	NaN	100	35190	1	186	168	122.005	11.936	3.466	0.289	0.566
56	14	255	0	255	255	255	198.571	171.786	198.571	171.786	13.899	196	170	5	4	5.649	3.155	146.280	0.911	6.403	3570	255	NaN	NaN	100	3570	1	196	170	141.340	4	1.790	0.559	0.848
57	6	255	0	255	255	255	202.500	178	202.500	178	7.657	201	177	3	2	3.385	2.257	0	1	3.606	1530	255	NaN	NaN	100	1530	1	201	177	146.310	2	1.500	0.667	1
58	1	255	0	255	255	255	200.500	229.500	200.500	229.500	2.828	200	229	1	1	1.128	1.128	0	1	1.414	255	255	NaN	NaN	100	255	1	200	229	135	1	1	1.000	1
59	5	255	0	255	255	255	195.100	233.700	195.100	233.700	7.657	194	232	2	3	3.144	2.025	71.565	1	3.606	1275	255	NaN	NaN	100	1275	1	194	235	56.310	2	1.553	0.644	0.909
